65 0 0
24 0 0
19 49 0
9 0 0
1 36 0
18 30 0
61 48 0
68 45 0
45 0 0
3 0 0
64 0 0
45 0 0
69 58 0.12
133 0 0
13 19 59.88
47 30 0
76 0 0
50 33 0
90 0 0
59 31 59.88
4 0 0
88 45 0
2 15 0
28 0 0
65 0 0
18 0 0
24 0 0
55 0 0
114 40 0.12
25 0 0
2 0 0
30 0 0
90 30 0
24 0 0
12 0 0
105 0 0
95 0 0
51 15 0
68 0 0
19 0 0
71 0 0
105 0 0
33 0 0
103 48 0
72 0 0
44 15 0
127 0 0
127 30 0
5 0 0
84 0 0
15 30 0
80 0 0
10 0 0
43 0 0
30 0 0
88 55 0.12
54 0 0
77 30 0
39 0 0
19 30 0
15 0 0
4 0 0
97 0 0
26 0 0
38 0 0
175 0 0
122 0 0
26 0 0
2 0 0
11 45 0
2 0 0
43 30 0
5 22 0.12
61 40 0.12
22 0 0
40 0 0
90 15 0
2 33 36
53 0 0
59 0 0
10 0 0
10 0 0
15 0 0
72 25 0.12
86 30 0
114 10 0.12
20 0 0
48 0 0
77 0 0
120 0 0
53 0 0
44 0 0
8 0 0
18 0 0
34 45 0
12 49 59.88
77 30 0
138 0 0
2 7 48
36 0 0
105 0 0
28 30 0
25 0 0
35 49 59.88
9 30 0
17 0 0
9 31 59.88
24 0 0
6 10 0.12
47 0 0
112 30 0
34 0 0
73 0 0
4 0 0
5 0 0
61 0 0
57 33 0
12 0 0
102 0 0
158 15 0
35 0 0
29 0 0
7 24 0
105 0 0
19 0 0
62 12 0
98 0 0
17 0 0
84 0 0
85 0 0
8 0 0
8 0 0
167 57 0
10 0 0
165 30 0
174 0 0
57 0 0
5 45 0
134 30 0
35 15 0
80 0 0
147 0 0
70 0 0
58 0 0
76 0 0
140 0 0
20 0 0
66 30 0
8 0 0
38 0 0
75 0 0
2 0 0
13 0 0
21 0 0
22 0 0
25 0 0
15 0 0
70 40 0.12
15 30 0
25 0 0
30 0 0
100 0 0
170 0 0
12 25 0.12
7 0 0
61 12 0
14 0 0
11 30 0
21 0 0
38 0 0
49 0 0
81 0 0
31 30 0
30 0 0
15 0 0
8 0 0
56 0 0
20 0 0
100 0 0
121 0 0
71 0 0
35 0 0
125 31 0.12
1 10 0.12
175 0 0
172 0 0
61 0 0
9 0 0
60 0 0
35 0 0
178 0 0
32 0 0
32 0 0
56 0 0
64 0 0
167 0 0
12 27 0
66 0 0
106 0 0
30 0 0
30 0 0